55.892272729048791,-3.321889287060925,208.935882568359375 
0.027567407292512,0.000000000000000,0.000000000000000 
 0.000000000000000,0.041266660959744,0.000000000000000 
 0.000000000000000,0.000000000000000,0.146711385280071 
-0.01322,-0.00002,-0.98281,-0.18414 
-0.01301,-0.01433,0.02674 
-1.31298,0.42891,0.18913 
0.000000000000000,0.000000000000000,0.000000000000000 
 0.000000000000000,0.000000000000000,0.000000000000000 
 0.000000000000000,0.000000000000000,0.000000000000000 
0.000000000000000,0.000000000000000,0.000000000000000 
 0.000000000000000,0.000000000000000,0.000000000000000 
 0.000000000000000,0.000000000000000,0.000000000000000 
0.000000000000000,0.000000000000000,0.000000000000000 
 0.000000000000000,0.000000000000000,0.000000000000000 
 0.000000000000000,0.000000000000000,0.000000000000000 
-7.18164,-9.72851,0.18477 
-0.01301,-0.01433,0.02674 
