55.892290407954562,-3.321841853737768,208.809799194335938 
0.027537167185997,0.000000000000000,0.000000000000000 
 0.000000000000000,0.041468302455760,0.000000000000000 
 0.000000000000000,0.000000000000000,0.147530604587872 
-0.01147,-0.00187,-0.98352,-0.18044 
0.01533,-0.00684,0.02760 
-1.05874,0.51947,0.25502 
0.000000000000000,0.000000000000000,0.000000000000000 
 0.000000000000000,0.000000000000000,0.000000000000000 
 0.000000000000000,0.000000000000000,0.000000000000000 
0.000000000000000,0.000000000000000,0.000000000000000 
 0.000000000000000,0.000000000000000,0.000000000000000 
 0.000000000000000,0.000000000000000,0.000000000000000 
0.000000000000000,0.000000000000000,0.000000000000000 
 0.000000000000000,0.000000000000000,0.000000000000000 
 0.000000000000000,0.000000000000000,0.000000000000000 
-7.52999,-10.10746,0.27184 
0.01533,-0.00684,0.02760 
