55.892359288186391,-3.321673745285121,209.238311767578125 
0.026894760054574,0.000000000000000,0.000000000000000 
 0.000000000000000,0.040273964608809,0.000000000000000 
 0.000000000000000,0.000000000000000,0.146884650049395 
-0.00388,0.00605,-0.98632,-0.16469 
-0.00266,-0.01089,0.03308 
-0.52967,0.51694,-0.04700 
0.000000000000000,0.000000000000000,0.000000000000000 
 0.000000000000000,0.000000000000000,0.000000000000000 
 0.000000000000000,0.000000000000000,0.000000000000000 
0.000000000000000,0.000000000000000,0.000000000000000 
 0.000000000000000,0.000000000000000,0.000000000000000 
 0.000000000000000,0.000000000000000,0.000000000000000 
0.000000000000000,0.000000000000000,0.000000000000000 
 0.000000000000000,0.000000000000000,0.000000000000000 
 0.000000000000000,0.000000000000000,0.000000000000000 
-7.38780,-10.16996,-0.29324 
-0.00266,-0.01089,0.03308 
