55.892245103934769,-3.321965614102561,208.978195190429688 
0.027728920160208,0.000000000000000,0.000000000000000 
 0.000000000000000,0.040474565996240,0.000000000000000 
 0.000000000000000,0.000000000000000,0.145624559063173 
-0.01225,0.00314,-0.98154,-0.19086 
-0.01213,-0.00382,0.02066 
-1.42747,0.42415,0.22261 
0.000000000000000,0.000000000000000,0.000000000000000 
 0.000000000000000,0.000000000000000,0.000000000000000 
 0.000000000000000,0.000000000000000,0.000000000000000 
0.000000000000000,0.000000000000000,0.000000000000000 
 0.000000000000000,0.000000000000000,0.000000000000000 
 0.000000000000000,0.000000000000000,0.000000000000000 
0.000000000000000,0.000000000000000,0.000000000000000 
 0.000000000000000,0.000000000000000,0.000000000000000 
 0.000000000000000,0.000000000000000,0.000000000000000 
-6.69749,-9.17958,0.09313 
-0.01213,-0.00382,0.02066 
