55.892293569610636,-3.321833693829686,208.805511474609375 
0.027525843167603,0.000000000000000,0.000000000000000 
 0.000000000000000,0.041485339539182,0.000000000000000 
 0.000000000000000,0.000000000000000,0.147231669309108 
-0.01052,-0.00163,-0.98351,-0.18053 
0.02176,-0.01169,0.02832 
-1.00695,0.36165,-0.05368 
0.000000000000000,0.000000000000000,0.000000000000000 
 0.000000000000000,0.000000000000000,0.000000000000000 
 0.000000000000000,0.000000000000000,0.000000000000000 
0.000000000000000,0.000000000000000,0.000000000000000 
 0.000000000000000,0.000000000000000,0.000000000000000 
 0.000000000000000,0.000000000000000,0.000000000000000 
0.000000000000000,0.000000000000000,0.000000000000000 
 0.000000000000000,0.000000000000000,0.000000000000000 
 0.000000000000000,0.000000000000000,0.000000000000000 
-7.57867,-10.16076,0.27798 
0.02176,-0.01169,0.02832 
