55.892309347925625,-3.321791758198386,208.783493041992188 
0.027742023192467,0.000000000000000,0.000000000000000 
 0.000000000000000,0.041974189902484,0.000000000000000 
 0.000000000000000,0.000000000000000,0.149796146841798 
-0.00874,-0.00025,-0.98411,-0.17732 
0.02481,-0.00287,0.03435 
-0.78445,0.51344,-0.04251 
0.000000000000000,0.000000000000000,0.000000000000000 
 0.000000000000000,0.000000000000000,0.000000000000000 
 0.000000000000000,0.000000000000000,0.000000000000000 
0.000000000000000,0.000000000000000,0.000000000000000 
 0.000000000000000,0.000000000000000,0.000000000000000 
 0.000000000000000,0.000000000000000,0.000000000000000 
0.000000000000000,0.000000000000000,0.000000000000000 
 0.000000000000000,0.000000000000000,0.000000000000000 
 0.000000000000000,0.000000000000000,0.000000000000000 
-7.59007,-10.05739,0.10203 
0.02481,-0.00287,0.03435 
