55.892237431091672,-3.321987764250866,208.949066162109375 
0.027527558928107,0.000000000000000,0.000000000000000 
 0.000000000000000,0.040216031102830,0.000000000000000 
 0.000000000000000,0.000000000000000,0.145665162790820 
-0.01278,0.00407,-0.98120,-0.19254 
-0.00459,-0.01060,0.02183 
-1.08350,0.25264,0.16084 
0.000000000000000,0.000000000000000,0.000000000000000 
 0.000000000000000,0.000000000000000,0.000000000000000 
 0.000000000000000,0.000000000000000,0.000000000000000 
0.000000000000000,0.000000000000000,0.000000000000000 
 0.000000000000000,0.000000000000000,0.000000000000000 
 0.000000000000000,0.000000000000000,0.000000000000000 
0.000000000000000,0.000000000000000,0.000000000000000 
 0.000000000000000,0.000000000000000,0.000000000000000 
 0.000000000000000,0.000000000000000,0.000000000000000 
-6.55354,-9.03912,0.09350 
-0.00459,-0.01060,0.02183 
