55.892287475866269,-3.321849825363113,208.826538085937500 
0.027548968400404,0.000000000000000,0.000000000000000 
 0.000000000000000,0.041451972719387,0.000000000000000 
 0.000000000000000,0.000000000000000,0.147828834679907 
-0.01156,-0.00155,-0.98339,-0.18115 
-0.01102,-0.00538,0.02851 
-1.09837,0.25094,0.34992 
0.000000000000000,0.000000000000000,0.000000000000000 
 0.000000000000000,0.000000000000000,0.000000000000000 
 0.000000000000000,0.000000000000000,0.000000000000000 
0.000000000000000,0.000000000000000,0.000000000000000 
 0.000000000000000,0.000000000000000,0.000000000000000 
 0.000000000000000,0.000000000000000,0.000000000000000 
0.000000000000000,0.000000000000000,0.000000000000000 
 0.000000000000000,0.000000000000000,0.000000000000000 
 0.000000000000000,0.000000000000000,0.000000000000000 
-7.45390,-10.04460,0.27326 
-0.01102,-0.00538,0.02851 
