55.892109723802662,-3.322374944043322,209.990997314453125 
0.026146218670252,0.000000000000000,0.000000000000000 
 0.000000000000000,0.038120248380494,0.000000000000000 
 0.000000000000000,0.000000000000000,0.136751534061862 
-0.00208,0.00529,-0.97453,-0.22417 
0.00148,0.01444,0.02341 
0.22282,0.48101,-0.31008 
0.000000000000000,0.000000000000000,0.000000000000000 
 0.000000000000000,0.000000000000000,0.000000000000000 
 0.000000000000000,0.000000000000000,0.000000000000000 
0.000000000000000,0.000000000000000,0.000000000000000 
 0.000000000000000,0.000000000000000,0.000000000000000 
 0.000000000000000,0.000000000000000,0.000000000000000 
0.000000000000000,0.000000000000000,0.000000000000000 
 0.000000000000000,0.000000000000000,0.000000000000000 
 0.000000000000000,0.000000000000000,0.000000000000000 
-4.51631,-8.16470,-0.16079 
0.00148,0.01444,0.02341 
