55.892173751459993,-3.322172976101608,209.366256713867188 
0.027309765048271,0.000000000000000,0.000000000000000 
 0.000000000000000,0.039657658454439,0.000000000000000 
 0.000000000000000,0.000000000000000,0.143005143265285 
-0.00705,-0.00026,-0.97815,-0.20778 
0.01517,0.01670,0.02593 
-0.36207,0.28732,-0.05702 
0.000000000000000,0.000000000000000,0.000000000000000 
 0.000000000000000,0.000000000000000,0.000000000000000 
 0.000000000000000,0.000000000000000,0.000000000000000 
0.000000000000000,0.000000000000000,0.000000000000000 
 0.000000000000000,0.000000000000000,0.000000000000000 
 0.000000000000000,0.000000000000000,0.000000000000000 
0.000000000000000,0.000000000000000,0.000000000000000 
 0.000000000000000,0.000000000000000,0.000000000000000 
 0.000000000000000,0.000000000000000,0.000000000000000 
-5.30333,-8.31664,-0.06298 
0.01517,0.01670,0.02593 
