55.892111708128148,-3.322368351200896,209.964019775390625 
0.026148931822807,0.000000000000000,0.000000000000000 
 0.000000000000000,0.038132416309145,0.000000000000000 
 0.000000000000000,0.000000000000000,0.136534310711775 
-0.00242,0.00540,-0.97466,-0.22361 
-0.00108,0.02720,0.02340 
0.30763,0.32803,-0.32606 
0.000000000000000,0.000000000000000,0.000000000000000 
 0.000000000000000,0.000000000000000,0.000000000000000 
 0.000000000000000,0.000000000000000,0.000000000000000 
0.000000000000000,0.000000000000000,0.000000000000000 
 0.000000000000000,0.000000000000000,0.000000000000000 
 0.000000000000000,0.000000000000000,0.000000000000000 
0.000000000000000,0.000000000000000,0.000000000000000 
 0.000000000000000,0.000000000000000,0.000000000000000 
 0.000000000000000,0.000000000000000,0.000000000000000 
-4.54405,-8.15335,-0.13677 
-0.00108,0.02720,0.02340 
