55.892180311043312,-3.322152930644274,209.310607910156250 
0.027415227887051,0.000000000000000,0.000000000000000 
 0.000000000000000,0.039777640046751,0.000000000000000 
 0.000000000000000,0.000000000000000,0.143315779178033 
-0.00837,0.00106,-0.97855,-0.20584 
0.02386,0.01945,0.02321 
-0.24107,0.33042,0.30269 
0.000000000000000,0.000000000000000,0.000000000000000 
 0.000000000000000,0.000000000000000,0.000000000000000 
 0.000000000000000,0.000000000000000,0.000000000000000 
0.000000000000000,0.000000000000000,0.000000000000000 
 0.000000000000000,0.000000000000000,0.000000000000000 
 0.000000000000000,0.000000000000000,0.000000000000000 
0.000000000000000,0.000000000000000,0.000000000000000 
 0.000000000000000,0.000000000000000,0.000000000000000 
 0.000000000000000,0.000000000000000,0.000000000000000 
-5.43396,-8.34894,-0.05457 
0.02386,0.01945,0.02321 
