55.892162985479168,-3.322205954624468,209.487014770507812 
0.027020705702468,0.000000000000000,0.000000000000000 
 0.000000000000000,0.039305093283421,0.000000000000000 
 0.000000000000000,0.000000000000000,0.141100241244217 
-0.00590,-0.00006,-0.97754,-0.21065 
0.00230,0.01625,0.01980 
-0.30746,0.37530,0.55304 
0.000000000000000,0.000000000000000,0.000000000000000 
 0.000000000000000,0.000000000000000,0.000000000000000 
 0.000000000000000,0.000000000000000,0.000000000000000 
0.000000000000000,0.000000000000000,0.000000000000000 
 0.000000000000000,0.000000000000000,0.000000000000000 
 0.000000000000000,0.000000000000000,0.000000000000000 
0.000000000000000,0.000000000000000,0.000000000000000 
 0.000000000000000,0.000000000000000,0.000000000000000 
 0.000000000000000,0.000000000000000,0.000000000000000 
-5.14452,-8.25659,-0.10701 
0.00230,0.01625,0.01980 
