55.892125681231001,-3.322323044887499,209.835754394531250 
0.026203566955055,0.000000000000000,0.000000000000000 
 0.000000000000000,0.038263045403192,0.000000000000000 
 0.000000000000000,0.000000000000000,0.137156211072579 
-0.00794,0.00310,-0.97558,-0.21948 
-0.01602,0.00290,0.01957 
0.45349,0.26416,0.48738 
0.000000000000000,0.000000000000000,0.000000000000000 
 0.000000000000000,0.000000000000000,0.000000000000000 
 0.000000000000000,0.000000000000000,0.000000000000000 
0.000000000000000,0.000000000000000,0.000000000000000 
 0.000000000000000,0.000000000000000,0.000000000000000 
 0.000000000000000,0.000000000000000,0.000000000000000 
0.000000000000000,0.000000000000000,0.000000000000000 
 0.000000000000000,0.000000000000000,0.000000000000000 
 0.000000000000000,0.000000000000000,0.000000000000000 
-4.74379,-8.05991,-0.10126 
-0.01602,0.00290,0.01957 
