55.892129687690527,-3.322310323972471,209.827865600585938 
0.026230440121273,0.000000000000000,0.000000000000000 
 0.000000000000000,0.038314911563564,0.000000000000000 
 0.000000000000000,0.000000000000000,0.137483768958479 
-0.00780,0.00250,-0.97582,-0.21843 
-0.00159,-0.01673,0.02115 
-0.20081,0.22269,0.10477 
0.000000000000000,0.000000000000000,0.000000000000000 
 0.000000000000000,0.000000000000000,0.000000000000000 
 0.000000000000000,0.000000000000000,0.000000000000000 
0.000000000000000,0.000000000000000,0.000000000000000 
 0.000000000000000,0.000000000000000,0.000000000000000 
 0.000000000000000,0.000000000000000,0.000000000000000 
0.000000000000000,0.000000000000000,0.000000000000000 
 0.000000000000000,0.000000000000000,0.000000000000000 
 0.000000000000000,0.000000000000000,0.000000000000000 
-4.80388,-8.04660,-0.14308 
-0.00159,-0.01673,0.02115 
