55.892088089226810,-3.322448239847553,210.163070678710938 
0.026060188951018,0.000000000000000,0.000000000000000 
 0.000000000000000,0.037943442379833,0.000000000000000 
 0.000000000000000,0.000000000000000,0.135724911553726 
-0.00112,0.00674,-0.97278,-0.23163 
0.00002,-0.00499,0.02966 
0.52285,0.30569,-0.13624 
0.000000000000000,0.000000000000000,0.000000000000000 
 0.000000000000000,0.000000000000000,0.000000000000000 
 0.000000000000000,0.000000000000000,0.000000000000000 
0.000000000000000,0.000000000000000,0.000000000000000 
 0.000000000000000,0.000000000000000,0.000000000000000 
 0.000000000000000,0.000000000000000,0.000000000000000 
0.000000000000000,0.000000000000000,0.000000000000000 
 0.000000000000000,0.000000000000000,0.000000000000000 
 0.000000000000000,0.000000000000000,0.000000000000000 
-4.28798,-8.45512,-0.18299 
0.00002,-0.00499,0.02966 
