55.892101922783880,-3.322401151922453,210.038238525390625 
0.026147495713867,0.000000000000000,0.000000000000000 
 0.000000000000000,0.038097907743634,0.000000000000000 
 0.000000000000000,0.000000000000000,0.136363235959650 
-0.00209,0.00617,-0.97392,-0.22682 
-0.00863,-0.01309,0.02723 
0.49979,0.24380,0.27009 
0.000000000000000,0.000000000000000,0.000000000000000 
 0.000000000000000,0.000000000000000,0.000000000000000 
 0.000000000000000,0.000000000000000,0.000000000000000 
0.000000000000000,0.000000000000000,0.000000000000000 
 0.000000000000000,0.000000000000000,0.000000000000000 
 0.000000000000000,0.000000000000000,0.000000000000000 
0.000000000000000,0.000000000000000,0.000000000000000 
 0.000000000000000,0.000000000000000,0.000000000000000 
 0.000000000000000,0.000000000000000,0.000000000000000 
-4.40960,-8.25021,-0.19539 
-0.00863,-0.01309,0.02723 
