55.892091998294973,-3.322434679853939,210.171600341796875 
0.026061776618109,0.000000000000000,0.000000000000000 
 0.000000000000000,0.037957753589414,0.000000000000000 
 0.000000000000000,0.000000000000000,0.135913581766510 
-0.00121,0.00670,-0.97314,-0.23012 
-0.00192,0.00429,0.02708 
0.49023,0.27162,-0.05535 
0.000000000000000,0.000000000000000,0.000000000000000 
 0.000000000000000,0.000000000000000,0.000000000000000 
 0.000000000000000,0.000000000000000,0.000000000000000 
0.000000000000000,0.000000000000000,0.000000000000000 
 0.000000000000000,0.000000000000000,0.000000000000000 
 0.000000000000000,0.000000000000000,0.000000000000000 
0.000000000000000,0.000000000000000,0.000000000000000 
 0.000000000000000,0.000000000000000,0.000000000000000 
 0.000000000000000,0.000000000000000,0.000000000000000 
-4.32299,-8.39477,-0.18134 
-0.00192,0.00429,0.02708 
