55.892072624302472,-3.322503391051380,210.324417114257812 
0.025889441925987,0.000000000000000,0.000000000000000 
 0.000000000000000,0.037780821292074,0.000000000000000 
 0.000000000000000,0.000000000000000,0.134841805749275 
0.00203,0.00552,-0.97158,-0.23662 
0.01510,0.02331,0.02646 
0.61301,0.46276,-0.40879 
0.000000000000000,0.000000000000000,0.000000000000000 
 0.000000000000000,0.000000000000000,0.000000000000000 
 0.000000000000000,0.000000000000000,0.000000000000000 
0.000000000000000,0.000000000000000,0.000000000000000 
 0.000000000000000,0.000000000000000,0.000000000000000 
 0.000000000000000,0.000000000000000,0.000000000000000 
0.000000000000000,0.000000000000000,0.000000000000000 
 0.000000000000000,0.000000000000000,0.000000000000000 
 0.000000000000000,0.000000000000000,0.000000000000000 
-4.17092,-8.72678,-0.19587 
0.01510,0.02331,0.02646 
