55.892063313103506,-3.322538757004223,210.399078369140625 
0.027770289621156,0.000000000000000,0.000000000000000 
 0.000000000000000,0.039716085341152,0.000000000000000 
 0.000000000000000,0.000000000000000,0.140305484736985 
0.00262,0.00417,-0.97077,-0.23998 
0.00800,0.00426,0.02731 
0.68710,0.36710,-0.18092 
0.000000000000000,0.000000000000000,0.000000000000000 
 0.000000000000000,0.000000000000000,0.000000000000000 
 0.000000000000000,0.000000000000000,0.000000000000000 
0.000000000000000,0.000000000000000,0.000000000000000 
 0.000000000000000,0.000000000000000,0.000000000000000 
 0.000000000000000,0.000000000000000,0.000000000000000 
0.000000000000000,0.000000000000000,0.000000000000000 
 0.000000000000000,0.000000000000000,0.000000000000000 
 0.000000000000000,0.000000000000000,0.000000000000000 
-4.05265,-8.86358,-0.25304 
0.00800,0.00426,0.02731 
