55.892258353779290,-3.321928153367607,209.017105102539062 
0.027567441929989,0.000000000000000,0.000000000000000 
 0.000000000000000,0.040805652357140,0.000000000000000 
 0.000000000000000,0.000000000000000,0.145817847038732 
-0.01271,0.00148,-0.98211,-0.18785 
-0.01177,0.00546,0.02441 
-1.34440,0.30435,-0.02349 
0.000000000000000,0.000000000000000,0.000000000000000 
 0.000000000000000,0.000000000000000,0.000000000000000 
 0.000000000000000,0.000000000000000,0.000000000000000 
0.000000000000000,0.000000000000000,0.000000000000000 
 0.000000000000000,0.000000000000000,0.000000000000000 
 0.000000000000000,0.000000000000000,0.000000000000000 
0.000000000000000,0.000000000000000,0.000000000000000 
 0.000000000000000,0.000000000000000,0.000000000000000 
 0.000000000000000,0.000000000000000,0.000000000000000 
-6.96001,-9.46688,0.12065 
-0.01177,0.00546,0.02441 
