55.892299989171590,-3.321817699220630,208.808120727539062 
0.027504857860947,0.000000000000000,0.000000000000000 
 0.000000000000000,0.041521567864164,0.000000000000000 
 0.000000000000000,0.000000000000000,0.147409268595666 
-0.00956,-0.00096,-0.98373,-0.17939 
0.00543,-0.00924,0.02830 
-0.91657,0.29025,0.15435 
0.000000000000000,0.000000000000000,0.000000000000000 
 0.000000000000000,0.000000000000000,0.000000000000000 
 0.000000000000000,0.000000000000000,0.000000000000000 
0.000000000000000,0.000000000000000,0.000000000000000 
 0.000000000000000,0.000000000000000,0.000000000000000 
 0.000000000000000,0.000000000000000,0.000000000000000 
0.000000000000000,0.000000000000000,0.000000000000000 
 0.000000000000000,0.000000000000000,0.000000000000000 
 0.000000000000000,0.000000000000000,0.000000000000000 
-7.67540,-10.28256,0.27076 
0.00543,-0.00924,0.02830 
