55.892339704404542,-3.321723238553025,209.319564819335938 
0.027835258082060,0.000000000000000,0.000000000000000 
 0.000000000000000,0.041227663594569,0.000000000000000 
 0.000000000000000,0.000000000000000,0.149433950675814 
-0.00553,0.00399,-0.98544,-0.16989 
0.01954,-0.01714,0.03660 
-0.70862,0.61634,0.18833 
0.000000000000000,0.000000000000000,0.000000000000000 
 0.000000000000000,0.000000000000000,0.000000000000000 
 0.000000000000000,0.000000000000000,0.000000000000000 
0.000000000000000,0.000000000000000,0.000000000000000 
 0.000000000000000,0.000000000000000,0.000000000000000 
 0.000000000000000,0.000000000000000,0.000000000000000 
0.000000000000000,0.000000000000000,0.000000000000000 
 0.000000000000000,0.000000000000000,0.000000000000000 
 0.000000000000000,0.000000000000000,0.000000000000000 
-7.25144,-10.04646,-0.28754 
0.01954,-0.01714,0.03660 
