55.892317038112353,-3.321778550203537,209.397201538085938 
0.032308539510674,0.000000000000000,0.000000000000000 
 0.000000000000000,0.045766534066733,0.000000000000000 
 0.000000000000000,0.000000000000000,0.160480540056413 
-0.00855,0.00029,-0.98426,-0.17652 
0.02864,-0.00544,0.03634 
-0.78805,0.59746,0.23535 
0.000000000000000,0.000000000000000,0.000000000000000 
 0.000000000000000,0.000000000000000,0.000000000000000 
 0.000000000000000,0.000000000000000,0.000000000000000 
0.000000000000000,0.000000000000000,0.000000000000000 
 0.000000000000000,0.000000000000000,0.000000000000000 
 0.000000000000000,0.000000000000000,0.000000000000000 
0.000000000000000,0.000000000000000,0.000000000000000 
 0.000000000000000,0.000000000000000,0.000000000000000 
 0.000000000000000,0.000000000000000,0.000000000000000 
-7.17580,-9.74595,-0.20048 
0.02864,-0.00544,0.03634 
