55.892215154575148,-3.322051383824175,209.012298583984375 
0.027414226186046,0.000000000000000,0.000000000000000 
 0.000000000000000,0.039962941650743,0.000000000000000 
 0.000000000000000,0.000000000000000,0.144918302212823 
-0.01095,0.00407,-0.98028,-0.19728 
-0.00397,-0.00420,0.01647 
-0.90544,0.00281,-0.18923 
0.000000000000000,0.000000000000000,0.000000000000000 
 0.000000000000000,0.000000000000000,0.000000000000000 
 0.000000000000000,0.000000000000000,0.000000000000000 
0.000000000000000,0.000000000000000,0.000000000000000 
 0.000000000000000,0.000000000000000,0.000000000000000 
 0.000000000000000,0.000000000000000,0.000000000000000 
0.000000000000000,0.000000000000000,0.000000000000000 
 0.000000000000000,0.000000000000000,0.000000000000000 
 0.000000000000000,0.000000000000000,0.000000000000000 
-6.08832,-8.69689,0.04182 
-0.00397,-0.00420,0.01647 
