55.892222468517161,-3.322030508690897,208.970382690429688 
0.027340722720002,0.000000000000000,0.000000000000000 
 0.000000000000000,0.039928275341773,0.000000000000000 
 0.000000000000000,0.000000000000000,0.144736563921755 
-0.01134,0.00404,-0.98057,-0.19579 
-0.00002,0.00798,0.01742 
-1.06570,0.08247,-0.10930 
0.000000000000000,0.000000000000000,0.000000000000000 
 0.000000000000000,0.000000000000000,0.000000000000000 
 0.000000000000000,0.000000000000000,0.000000000000000 
0.000000000000000,0.000000000000000,0.000000000000000 
 0.000000000000000,0.000000000000000,0.000000000000000 
 0.000000000000000,0.000000000000000,0.000000000000000 
0.000000000000000,0.000000000000000,0.000000000000000 
 0.000000000000000,0.000000000000000,0.000000000000000 
 0.000000000000000,0.000000000000000,0.000000000000000 
-6.23326,-8.80970,0.08380 
-0.00002,0.00798,0.01742 
