55.892349585397035,-3.321698722311768,209.303100585937500 
0.026949948303433,0.000000000000000,0.000000000000000 
 0.000000000000000,0.040328947296132,0.000000000000000 
 0.000000000000000,0.000000000000000,0.147395972968170 
-0.00431,0.00536,-0.98590,-0.16718 
0.02145,-0.00411,0.03552 
-0.53917,0.27216,0.31945 
0.000000000000000,0.000000000000000,0.000000000000000 
 0.000000000000000,0.000000000000000,0.000000000000000 
 0.000000000000000,0.000000000000000,0.000000000000000 
0.000000000000000,0.000000000000000,0.000000000000000 
 0.000000000000000,0.000000000000000,0.000000000000000 
 0.000000000000000,0.000000000000000,0.000000000000000 
0.000000000000000,0.000000000000000,0.000000000000000 
 0.000000000000000,0.000000000000000,0.000000000000000 
 0.000000000000000,0.000000000000000,0.000000000000000 
-7.28693,-10.10474,-0.32586 
0.02145,-0.00411,0.03552 
