55.892346255731155,-3.321707076216804,209.291488647460938 
0.026940491968876,0.000000000000000,0.000000000000000 
 0.000000000000000,0.040314782227959,0.000000000000000 
 0.000000000000000,0.000000000000000,0.146968087445289 
-0.00458,0.00468,-0.98572,-0.16825 
0.02909,-0.01019,0.03905 
-0.61324,0.55866,-0.24578 
0.000000000000000,0.000000000000000,0.000000000000000 
 0.000000000000000,0.000000000000000,0.000000000000000 
 0.000000000000000,0.000000000000000,0.000000000000000 
0.000000000000000,0.000000000000000,0.000000000000000 
 0.000000000000000,0.000000000000000,0.000000000000000 
 0.000000000000000,0.000000000000000,0.000000000000000 
0.000000000000000,0.000000000000000,0.000000000000000 
 0.000000000000000,0.000000000000000,0.000000000000000 
 0.000000000000000,0.000000000000000,0.000000000000000 
-7.29012,-10.10657,-0.29840 
0.02909,-0.01019,0.03905 
