55.892250230062395,-3.321950776787964,208.999771118164062 
0.027661101942215,0.000000000000000,0.000000000000000 
 0.000000000000000,0.040533609362736,0.000000000000000 
 0.000000000000000,0.000000000000000,0.145532112871738 
-0.01212,0.00290,-0.98174,-0.18980 
-0.00961,0.00261,0.02354 
-1.34183,0.24033,0.02305 
0.000000000000000,0.000000000000000,0.000000000000000 
 0.000000000000000,0.000000000000000,0.000000000000000 
 0.000000000000000,0.000000000000000,0.000000000000000 
0.000000000000000,0.000000000000000,0.000000000000000 
 0.000000000000000,0.000000000000000,0.000000000000000 
 0.000000000000000,0.000000000000000,0.000000000000000 
0.000000000000000,0.000000000000000,0.000000000000000 
 0.000000000000000,0.000000000000000,0.000000000000000 
 0.000000000000000,0.000000000000000,0.000000000000000 
-6.82456,-9.30068,0.09197 
-0.00961,0.00261,0.02354 
