55.892342974807562,-3.321715175055206,209.306167602539062 
0.027369779953092,0.000000000000000,0.000000000000000 
 0.000000000000000,0.040753082930700,0.000000000000000 
 0.000000000000000,0.000000000000000,0.148559875075166 
-0.00494,0.00423,-0.98556,-0.16921 
0.02076,-0.01147,0.03849 
-0.50197,0.76180,0.09912 
0.000000000000000,0.000000000000000,0.000000000000000 
 0.000000000000000,0.000000000000000,0.000000000000000 
 0.000000000000000,0.000000000000000,0.000000000000000 
0.000000000000000,0.000000000000000,0.000000000000000 
 0.000000000000000,0.000000000000000,0.000000000000000 
 0.000000000000000,0.000000000000000,0.000000000000000 
0.000000000000000,0.000000000000000,0.000000000000000 
 0.000000000000000,0.000000000000000,0.000000000000000 
 0.000000000000000,0.000000000000000,0.000000000000000 
-7.27132,-10.08626,-0.29166 
0.02076,-0.01147,0.03849 
