55.892333177632892,-3.321739273484578,209.345245361328125 
0.028886089962015,0.000000000000000,0.000000000000000 
 0.000000000000000,0.042296930642399,0.000000000000000 
 0.000000000000000,0.000000000000000,0.152144507826478 
-0.00677,0.00258,-0.98513,-0.17167 
0.03424,-0.01832,0.03893 
-0.76587,0.62785,0.32463 
0.000000000000000,0.000000000000000,0.000000000000000 
 0.000000000000000,0.000000000000000,0.000000000000000 
 0.000000000000000,0.000000000000000,0.000000000000000 
0.000000000000000,0.000000000000000,0.000000000000000 
 0.000000000000000,0.000000000000000,0.000000000000000 
 0.000000000000000,0.000000000000000,0.000000000000000 
0.000000000000000,0.000000000000000,0.000000000000000 
 0.000000000000000,0.000000000000000,0.000000000000000 
 0.000000000000000,0.000000000000000,0.000000000000000 
-7.22538,-9.96401,-0.25452 
0.03424,-0.01832,0.03893 
