55.892152410701776,-3.322238739741814,209.610275268554688 
0.026777066899142,0.000000000000000,0.000000000000000 
 0.000000000000000,0.038990314570741,0.000000000000000 
 0.000000000000000,0.000000000000000,0.140083381022692 
-0.00490,-0.00003,-0.97695,-0.21341 
0.00855,-0.01795,0.02390 
-0.46582,0.08653,-0.52249 
0.000000000000000,0.000000000000000,0.000000000000000 
 0.000000000000000,0.000000000000000,0.000000000000000 
 0.000000000000000,0.000000000000000,0.000000000000000 
0.000000000000000,0.000000000000000,0.000000000000000 
 0.000000000000000,0.000000000000000,0.000000000000000 
 0.000000000000000,0.000000000000000,0.000000000000000 
0.000000000000000,0.000000000000000,0.000000000000000 
 0.000000000000000,0.000000000000000,0.000000000000000 
 0.000000000000000,0.000000000000000,0.000000000000000 
-5.01392,-8.20409,-0.16423 
0.00855,-0.01795,0.02390 
