55.892210196975149,-3.322065360617450,209.068634033203125 
0.027454960326887,0.000000000000000,0.000000000000000 
 0.000000000000000,0.039972724797369,0.000000000000000 
 0.000000000000000,0.000000000000000,0.144767631907983 
-0.01065,0.00399,-0.98012,-0.19808 
-0.00986,0.01760,0.01772 
-0.72465,0.04867,0.48061 
0.000000000000000,0.000000000000000,0.000000000000000 
 0.000000000000000,0.000000000000000,0.000000000000000 
 0.000000000000000,0.000000000000000,0.000000000000000 
0.000000000000000,0.000000000000000,0.000000000000000 
 0.000000000000000,0.000000000000000,0.000000000000000 
 0.000000000000000,0.000000000000000,0.000000000000000 
0.000000000000000,0.000000000000000,0.000000000000000 
 0.000000000000000,0.000000000000000,0.000000000000000 
 0.000000000000000,0.000000000000000,0.000000000000000 
-6.03184,-8.62786,0.02763 
-0.00986,0.01760,0.01772 
