55.892165030799710,-3.322199359643045,209.445571899414062 
0.027079102698393,0.000000000000000,0.000000000000000 
 0.000000000000000,0.039374749445731,0.000000000000000 
 0.000000000000000,0.000000000000000,0.141728471278896 
-0.00628,0.00008,-0.97765,-0.21017 
0.00356,0.00418,0.02038 
-0.29916,0.45395,0.34219 
0.000000000000000,0.000000000000000,0.000000000000000 
 0.000000000000000,0.000000000000000,0.000000000000000 
 0.000000000000000,0.000000000000000,0.000000000000000 
0.000000000000000,0.000000000000000,0.000000000000000 
 0.000000000000000,0.000000000000000,0.000000000000000 
 0.000000000000000,0.000000000000000,0.000000000000000 
0.000000000000000,0.000000000000000,0.000000000000000 
 0.000000000000000,0.000000000000000,0.000000000000000 
 0.000000000000000,0.000000000000000,0.000000000000000 
-5.19896,-8.26066,-0.13191 
0.00356,0.00418,0.02038 
