55.892196118074267,-3.322106056984609,209.181884765625000 
0.027483949726737,0.000000000000000,0.000000000000000 
 0.000000000000000,0.039911126443152,0.000000000000000 
 0.000000000000000,0.000000000000000,0.144072349751756 
-0.00774,0.00285,-0.97942,-0.20164 
0.01005,0.00438,0.02593 
-0.75634,0.51834,-0.54320 
0.000000000000000,0.000000000000000,0.000000000000000 
 0.000000000000000,0.000000000000000,0.000000000000000 
 0.000000000000000,0.000000000000000,0.000000000000000 
0.000000000000000,0.000000000000000,0.000000000000000 
 0.000000000000000,0.000000000000000,0.000000000000000 
 0.000000000000000,0.000000000000000,0.000000000000000 
0.000000000000000,0.000000000000000,0.000000000000000 
 0.000000000000000,0.000000000000000,0.000000000000000 
 0.000000000000000,0.000000000000000,0.000000000000000 
-5.74261,-8.44793,-0.02761 
0.01005,0.00438,0.02593 
