55.892117633675923,-3.322348988955928,209.927215576171875 
0.026168969172748,0.000000000000000,0.000000000000000 
 0.000000000000000,0.038181421903192,0.000000000000000 
 0.000000000000000,0.000000000000000,0.137258478499064 
-0.00527,0.00506,-0.97505,-0.22187 
-0.02362,0.02616,0.02196 
0.41127,0.24130,-0.01376 
0.000000000000000,0.000000000000000,0.000000000000000 
 0.000000000000000,0.000000000000000,0.000000000000000 
 0.000000000000000,0.000000000000000,0.000000000000000 
0.000000000000000,0.000000000000000,0.000000000000000 
 0.000000000000000,0.000000000000000,0.000000000000000 
 0.000000000000000,0.000000000000000,0.000000000000000 
0.000000000000000,0.000000000000000,0.000000000000000 
 0.000000000000000,0.000000000000000,0.000000000000000 
 0.000000000000000,0.000000000000000,0.000000000000000 
-4.64319,-8.09794,-0.13781 
-0.02362,0.02616,0.02196 
