55.892191599613966,-3.322119308340277,209.214355468750000 
0.027473876534829,0.000000000000000,0.000000000000000 
 0.000000000000000,0.039875887496955,0.000000000000000 
 0.000000000000000,0.000000000000000,0.143769075710058 
-0.00850,0.00281,-0.97921,-0.20267 
0.01387,-0.01320,0.01904 
-0.51875,0.08555,0.21870 
0.000000000000000,0.000000000000000,0.000000000000000 
 0.000000000000000,0.000000000000000,0.000000000000000 
 0.000000000000000,0.000000000000000,0.000000000000000 
0.000000000000000,0.000000000000000,0.000000000000000 
 0.000000000000000,0.000000000000000,0.000000000000000 
 0.000000000000000,0.000000000000000,0.000000000000000 
0.000000000000000,0.000000000000000,0.000000000000000 
 0.000000000000000,0.000000000000000,0.000000000000000 
 0.000000000000000,0.000000000000000,0.000000000000000 
-5.64479,-8.39405,-0.06301 
0.01387,-0.01320,0.01904 
