55.892171663504016,-3.322179475694940,209.403762817382812 
0.027245132733697,0.000000000000000,0.000000000000000 
 0.000000000000000,0.039579107401440,0.000000000000000 
 0.000000000000000,0.000000000000000,0.142283780141605 
-0.00663,-0.00009,-0.97802,-0.20842 
-0.00946,0.01545,0.02631 
-0.42004,0.24684,0.13059 
0.000000000000000,0.000000000000000,0.000000000000000 
 0.000000000000000,0.000000000000000,0.000000000000000 
 0.000000000000000,0.000000000000000,0.000000000000000 
0.000000000000000,0.000000000000000,0.000000000000000 
 0.000000000000000,0.000000000000000,0.000000000000000 
 0.000000000000000,0.000000000000000,0.000000000000000 
0.000000000000000,0.000000000000000,0.000000000000000 
 0.000000000000000,0.000000000000000,0.000000000000000 
 0.000000000000000,0.000000000000000,0.000000000000000 
-5.26233,-8.30223,-0.07161 
-0.00946,0.01545,0.02631 
