55.892145935851346,-3.322258276303020,209.673324584960938 
0.026637899579587,0.000000000000000,0.000000000000000 
 0.000000000000000,0.038800169210732,0.000000000000000 
 0.000000000000000,0.000000000000000,0.139586005634985 
-0.00686,0.00107,-0.97658,-0.21504 
-0.01182,-0.02198,0.01908 
-0.24605,-0.01869,0.17169 
0.000000000000000,0.000000000000000,0.000000000000000 
 0.000000000000000,0.000000000000000,0.000000000000000 
 0.000000000000000,0.000000000000000,0.000000000000000 
0.000000000000000,0.000000000000000,0.000000000000000 
 0.000000000000000,0.000000000000000,0.000000000000000 
 0.000000000000000,0.000000000000000,0.000000000000000 
0.000000000000000,0.000000000000000,0.000000000000000 
 0.000000000000000,0.000000000000000,0.000000000000000 
 0.000000000000000,0.000000000000000,0.000000000000000 
-4.96311,-8.16719,-0.15724 
-0.01182,-0.02198,0.01908 
