55.892205544501934,-3.322078814783742,209.075500488281250 
0.027471875948962,0.000000000000000,0.000000000000000 
 0.000000000000000,0.039952963121568,0.000000000000000 
 0.000000000000000,0.000000000000000,0.144530012628977 
-0.00963,0.00370,-0.97992,-0.19910 
0.00415,0.02067,0.02125 
-0.98231,0.21377,-0.10814 
0.000000000000000,0.000000000000000,0.000000000000000 
 0.000000000000000,0.000000000000000,0.000000000000000 
 0.000000000000000,0.000000000000000,0.000000000000000 
0.000000000000000,0.000000000000000,0.000000000000000 
 0.000000000000000,0.000000000000000,0.000000000000000 
 0.000000000000000,0.000000000000000,0.000000000000000 
0.000000000000000,0.000000000000000,0.000000000000000 
 0.000000000000000,0.000000000000000,0.000000000000000 
 0.000000000000000,0.000000000000000,0.000000000000000 
-5.92594,-8.54787,0.02934 
0.00415,0.02067,0.02125 
