55.892070694777296,-3.322510428361664,210.351257324218750 
0.025862806359115,0.000000000000000,0.000000000000000 
 0.000000000000000,0.037752424709954,0.000000000000000 
 0.000000000000000,0.000000000000000,0.135033212487915 
0.00222,0.00504,-0.97144,-0.23723 
0.01683,0.01168,0.02583 
0.63180,0.34214,-0.50924 
0.000000000000000,0.000000000000000,0.000000000000000 
 0.000000000000000,0.000000000000000,0.000000000000000 
 0.000000000000000,0.000000000000000,0.000000000000000 
0.000000000000000,0.000000000000000,0.000000000000000 
 0.000000000000000,0.000000000000000,0.000000000000000 
 0.000000000000000,0.000000000000000,0.000000000000000 
0.000000000000000,0.000000000000000,0.000000000000000 
 0.000000000000000,0.000000000000000,0.000000000000000 
 0.000000000000000,0.000000000000000,0.000000000000000 
-4.15289,-8.75982,-0.22586 
0.01683,0.01168,0.02583 
