55.892090122077242,-3.322441487716650,210.159744262695312 
0.026061035700782,0.000000000000000,0.000000000000000 
 0.000000000000000,0.037950612161738,0.000000000000000 
 0.000000000000000,0.000000000000000,0.135491150381441 
-0.00115,0.00674,-0.97297,-0.23083 
-0.00153,0.00156,0.02918 
0.48685,0.32213,-0.18581 
0.000000000000000,0.000000000000000,0.000000000000000 
 0.000000000000000,0.000000000000000,0.000000000000000 
 0.000000000000000,0.000000000000000,0.000000000000000 
0.000000000000000,0.000000000000000,0.000000000000000 
 0.000000000000000,0.000000000000000,0.000000000000000 
 0.000000000000000,0.000000000000000,0.000000000000000 
0.000000000000000,0.000000000000000,0.000000000000000 
 0.000000000000000,0.000000000000000,0.000000000000000 
 0.000000000000000,0.000000000000000,0.000000000000000 
-4.30209,-8.42909,-0.18890 
-0.00153,0.00156,0.02918 
