55.892066979505231,-3.322524556056343,210.375091552734375 
0.026739080646854,0.000000000000000,0.000000000000000 
 0.000000000000000,0.038656595140339,0.000000000000000 
 0.000000000000000,0.000000000000000,0.137547094723630 
0.00230,0.00460,-0.97115,-0.23840 
0.00364,0.00030,0.02544 
0.74254,0.19523,-0.05556 
0.000000000000000,0.000000000000000,0.000000000000000 
 0.000000000000000,0.000000000000000,0.000000000000000 
 0.000000000000000,0.000000000000000,0.000000000000000 
0.000000000000000,0.000000000000000,0.000000000000000 
 0.000000000000000,0.000000000000000,0.000000000000000 
 0.000000000000000,0.000000000000000,0.000000000000000 
0.000000000000000,0.000000000000000,0.000000000000000 
 0.000000000000000,0.000000000000000,0.000000000000000 
 0.000000000000000,0.000000000000000,0.000000000000000 
-4.10250,-8.81206,-0.24591 
0.00364,0.00030,0.02544 
