55.892086086397264,-3.322455024153574,210.172653198242188 
0.026059486544039,0.000000000000000,0.000000000000000 
 0.000000000000000,0.037936482243627,0.000000000000000 
 0.000000000000000,0.000000000000000,0.135957445652694 
-0.00119,0.00666,-0.97261,-0.23234 
0.00396,-0.00259,0.02955 
0.61878,0.41590,0.11529 
0.000000000000000,0.000000000000000,0.000000000000000 
 0.000000000000000,0.000000000000000,0.000000000000000 
 0.000000000000000,0.000000000000000,0.000000000000000 
0.000000000000000,0.000000000000000,0.000000000000000 
 0.000000000000000,0.000000000000000,0.000000000000000 
 0.000000000000000,0.000000000000000,0.000000000000000 
0.000000000000000,0.000000000000000,0.000000000000000 
 0.000000000000000,0.000000000000000,0.000000000000000 
 0.000000000000000,0.000000000000000,0.000000000000000 
-4.28032,-8.47923,-0.17623 
0.00396,-0.00259,0.02955 
