55.892093917091316,-3.322428060404015,210.132400512695312 
0.026073656789109,0.000000000000000,0.000000000000000 
 0.000000000000000,0.037976109559905,0.000000000000000 
 0.000000000000000,0.000000000000000,0.135721156613791 
-0.00152,0.00663,-0.97325,-0.22966 
-0.00531,0.00825,0.02731 
0.56913,0.35326,0.15346 
0.000000000000000,0.000000000000000,0.000000000000000 
 0.000000000000000,0.000000000000000,0.000000000000000 
 0.000000000000000,0.000000000000000,0.000000000000000 
0.000000000000000,0.000000000000000,0.000000000000000 
 0.000000000000000,0.000000000000000,0.000000000000000 
 0.000000000000000,0.000000000000000,0.000000000000000 
0.000000000000000,0.000000000000000,0.000000000000000 
 0.000000000000000,0.000000000000000,0.000000000000000 
 0.000000000000000,0.000000000000000,0.000000000000000 
-4.34255,-8.37183,-0.17768 
-0.00531,0.00825,0.02731 
