55.892099909770060,-3.322407836977526,210.075241088867188 
0.026127909776651,0.000000000000000,0.000000000000000 
 0.000000000000000,0.038066368565964,0.000000000000000 
 0.000000000000000,0.000000000000000,0.136527174950033 
-0.00191,0.00638,-0.97374,-0.22757 
-0.00883,-0.00649,0.02693 
0.56481,0.33901,0.30985 
0.000000000000000,0.000000000000000,0.000000000000000 
 0.000000000000000,0.000000000000000,0.000000000000000 
 0.000000000000000,0.000000000000000,0.000000000000000 
0.000000000000000,0.000000000000000,0.000000000000000 
 0.000000000000000,0.000000000000000,0.000000000000000 
 0.000000000000000,0.000000000000000,0.000000000000000 
0.000000000000000,0.000000000000000,0.000000000000000 
 0.000000000000000,0.000000000000000,0.000000000000000 
 0.000000000000000,0.000000000000000,0.000000000000000 
-4.39444,-8.27810,-0.18785 
-0.00883,-0.00649,0.02693 
