55.892068830062954,-3.322517484142590,210.363830566406250 
0.026282884583832,0.000000000000000,0.000000000000000 
 0.000000000000000,0.038186401067183,0.000000000000000 
 0.000000000000000,0.000000000000000,0.136589464987048 
0.00231,0.00470,-0.97131,-0.23778 
0.01322,0.00457,0.02458 
0.72080,0.32442,-0.00349 
0.000000000000000,0.000000000000000,0.000000000000000 
 0.000000000000000,0.000000000000000,0.000000000000000 
 0.000000000000000,0.000000000000000,0.000000000000000 
0.000000000000000,0.000000000000000,0.000000000000000 
 0.000000000000000,0.000000000000000,0.000000000000000 
 0.000000000000000,0.000000000000000,0.000000000000000 
0.000000000000000,0.000000000000000,0.000000000000000 
 0.000000000000000,0.000000000000000,0.000000000000000 
 0.000000000000000,0.000000000000000,0.000000000000000 
-4.13129,-8.78662,-0.24971 
0.01322,0.00457,0.02458 
