55.892078413571696,-3.322482639586593,210.279159545898438 
0.025982923286400,0.000000000000000,0.000000000000000 
 0.000000000000000,0.037878828817274,0.000000000000000 
 0.000000000000000,0.000000000000000,0.135615029683550 
0.00031,0.00671,-0.97199,-0.23494 
-0.00230,0.01448,0.02976 
0.67520,0.21262,0.25194 
0.000000000000000,0.000000000000000,0.000000000000000 
 0.000000000000000,0.000000000000000,0.000000000000000 
 0.000000000000000,0.000000000000000,0.000000000000000 
0.000000000000000,0.000000000000000,0.000000000000000 
 0.000000000000000,0.000000000000000,0.000000000000000 
 0.000000000000000,0.000000000000000,0.000000000000000 
0.000000000000000,0.000000000000000,0.000000000000000 
 0.000000000000000,0.000000000000000,0.000000000000000 
 0.000000000000000,0.000000000000000,0.000000000000000 
-4.20979,-8.63010,-0.20310 
-0.00230,0.01448,0.02976 
